,1aap_A,1bun_B,1dtx_A,1f5r_I,1fak_I,1knt_A,1tfx_C,1y62_A,1yc0_I,1yld_B,1zr0_B,3byb_A,3fp7_J,3m7q_B,4iso_B,4ntw_B,4u30_X,4u32_X,5jb6_A,5m4v_A,5nx1_C,5nx3_D,6bx8_B,6kzf_A,6yhy_A
1aap_A,1.0000,0.7842,0.8913,0.9100,0.9174,0.8960,0.8850,0.9181,0.9136,0.8181,0.9384,0.9020,0.8922,0.8687,0.8610,0.7967,0.8659,0.9140,0.8973,0.8931,0.9810,0.9482,0.9108,0.0968,0.9154
1bun_B,0.7842,1.0000,0.7960,0.8177,0.8205,0.7679,0.7787,0.7565,0.7271,0.0652,0.7840,0.8143,0.8460,0.7410,0.7886,0.8775,0.7011,0.7506,0.7752,0.7657,0.7651,0.8431,0.7503,0.6073,0.8104
1dtx_A,0.8913,0.7960,1.0000,0.8650,0.8683,0.8793,0.9346,0.8954,0.8831,0.0684,0.8308,0.9105,0.8100,0.8592,0.8804,0.8082,0.8318,0.8576,0.8754,0.9250,0.8694,0.8769,0.8957,0.0981,0.8807
1f5r_I,0.9100,0.8177,0.8650,1.0000,0.9593,0.8262,0.8768,0.8845,0.8995,0.9653,0.9083,0.8943,0.9637,0.7945,0.8555,0.7885,0.8521,0.8759,0.9339,0.8472,0.9497,0.9087,0.8850,0.5001,0.8734
1fak_I,0.9174,0.8205,0.8683,0.9593,1.0000,0.8649,0.9199,0.8853,0.7836,0.0722,0.8126,0.9376,0.8844,0.8107,0.9226,0.7802,0.8426,0.9123,0.9554,0.9063,0.9380,0.8796,0.9247,0.0966,0.8551
1knt_A,0.8960,0.7679,0.8793,0.8262,0.8649,1.0000,0.8931,0.8823,0.7736,0.0716,0.8738,0.8666,0.6541,0.7989,0.8483,0.7967,0.8145,0.8880,0.8760,0.9285,0.8945,0.6683,0.8845,0.0818,0.9076
1tfx_C,0.8850,0.7787,0.9346,0.8768,0.9199,0.8931,1.0000,0.9300,0.8898,0.8268,0.9039,0.8900,0.6385,0.9311,0.8761,0.8029,0.9075,0.8590,0.8771,0.9344,0.8760,0.8886,0.9556,0.4889,0.8926
1y62_A,0.9181,0.7565,0.8954,0.8845,0.8853,0.8823,0.9300,1.0000,0.7760,0.0712,0.8154,0.9238,0.8367,0.8256,0.8336,0.7870,0.8356,0.9082,0.8765,0.8725,0.9238,0.8789,0.9076,0.0972,0.9068
1yc0_I,0.9136,0.7271,0.8831,0.8995,0.7836,0.7736,0.8898,0.7760,1.0000,0.0602,0.8392,0.7927,0.8610,0.8444,0.9656,0.7173,0.8847,0.7992,0.8917,0.7898,0.7829,0.8818,0.7841,0.0827,0.8635
1yld_B,0.8181,0.0652,0.0684,0.9653,0.0722,0.0716,0.8268,0.0712,0.0602,1.0000,0.8578,0.0687,0.0913,0.8873,0.0659,0.0677,0.8002,0.0729,0.9160,0.0698,0.7750,0.0942,0.0718,0.4138,0.9271
1zr0_B,0.9384,0.7840,0.8308,0.9083,0.8126,0.8738,0.9039,0.8154,0.8392,0.8578,1.0000,0.8239,0.6245,0.8344,0.8331,0.7508,0.7764,0.9410,0.8760,0.8801,0.9660,0.9278,0.8366,0.0882,0.8667
3byb_A,0.9020,0.8143,0.9105,0.8943,0.9376,0.8666,0.8900,0.9238,0.7927,0.0687,0.8239,1.0000,0.8308,0.8248,0.8909,0.8454,0.8440,0.9208,0.9008,0.9093,0.8894,0.6733,0.8757,0.0956,0.8996
3fp7_J,0.8922,0.8460,0.8100,0.9637,0.8844,0.6541,0.6385,0.8367,0.8610,0.0913,0.6245,0.8308,1.0000,0.5989,0.6507,0.6141,0.6698,0.7082,0.6986,0.6408,0.8919,0.8906,0.6733,0.4173,0.6580
3m7q_B,0.8687,0.7410,0.8592,0.7945,0.8107,0.7989,0.9311,0.8256,0.8444,0.8873,0.8344,0.8248,0.5989,1.0000,0.8389,0.7633,0.8236,0.7986,0.8059,0.8637,0.7964,0.6208,0.9375,0.6396,0.8314
4iso_B,0.8610,0.7886,0.8804,0.8555,0.9226,0.8483,0.8761,0.8336,0.9656,0.0659,0.8331,0.8909,0.6507,0.8389,1.0000,0.7801,0.7938,0.8751,0.8923,0.8620,0.9405,0.8902,0.9087,0.0879,0.8649
4ntw_B,0.7967,0.8775,0.8082,0.7885,0.7802,0.7967,0.8029,0.7870,0.7173,0.0677,0.7508,0.8454,0.6141,0.7633,0.7801,1.0000,0.7627,0.7578,0.7937,0.8189,0.7845,0.8512,0.7817,0.6717,0.8197
4u30_X,0.8659,0.7011,0.8318,0.8521,0.8426,0.8145,0.9075,0.8356,0.8847,0.8002,0.7764,0.8440,0.6698,0.8236,0.7938,0.7627,1.0000,0.8695,0.8581,0.8294,0.8561,0.6853,0.8933,0.0990,0.7731
4u32_X,0.9140,0.7506,0.8576,0.8759,0.9123,0.8880,0.8590,0.9082,0.7992,0.0729,0.9410,0.9208,0.7082,0.7986,0.8751,0.7578,0.8695,1.0000,0.9267,0.8558,0.9469,0.9061,0.9341,0.1027,0.8440
5jb6_A,0.8973,0.7752,0.8754,0.9339,0.9554,0.8760,0.8771,0.8765,0.8917,0.9160,0.8760,0.9008,0.6986,0.8059,0.8923,0.7937,0.8581,0.9267,1.0000,0.8615,0.8826,0.8749,0.9162,0.0925,0.8864
5m4v_A,0.8931,0.7657,0.9250,0.8472,0.9063,0.9285,0.9344,0.8725,0.7898,0.0698,0.8801,0.9093,0.6408,0.8637,0.8620,0.8189,0.8294,0.8558,0.8615,1.0000,0.9031,0.8690,0.8992,0.0943,0.8531
5nx1_C,0.9810,0.7651,0.8694,0.9497,0.9380,0.8945,0.8760,0.9238,0.7829,0.7750,0.9660,0.8894,0.8919,0.7964,0.9405,0.7845,0.8561,0.9469,0.8826,0.9031,1.0000,0.7461,0.9330,0.1022,0.8554
5nx3_D,0.9482,0.8431,0.8769,0.9087,0.8796,0.6683,0.8886,0.8789,0.8818,0.0942,0.9278,0.6733,0.8906,0.6208,0.8902,0.8512,0.6853,0.9061,0.8749,0.8690,0.7461,1.0000,0.8785,0.1098,0.9036
6bx8_B,0.9108,0.7503,0.8957,0.8850,0.9247,0.8845,0.9556,0.9076,0.7841,0.0718,0.8366,0.8757,0.6733,0.9375,0.9087,0.7817,0.8933,0.9341,0.9162,0.8992,0.9330,0.8785,1.0000,0.1005,0.9027
6kzf_A,0.0968,0.6073,0.0981,0.5001,0.0966,0.0818,0.4889,0.0972,0.0827,0.4138,0.0882,0.0956,0.4173,0.6396,0.0879,0.6717,0.0990,0.1027,0.0925,0.0943,0.1022,0.1098,0.1005,1.0000,0.5636
6yhy_A,0.9154,0.8104,0.8807,0.8734,0.8551,0.9076,0.8926,0.9068,0.8635,0.9271,0.8667,0.8996,0.6580,0.8314,0.8649,0.8197,0.7731,0.8440,0.8864,0.8531,0.8554,0.9036,0.9027,0.5636,1.0000
