,1aap_A,1bun_B,1dtx_A,1f5r_I,1fak_I,1knt_A,1tfx_C,1y62_A,1yc0_I,1yld_B,1zr0_B,3byb_A,3fp7_J,3m7q_B,4iso_B,4ntw_B,4u30_X,4u32_X,5jb6_A,5m4v_A,5nx1_C,5nx3_D,6bx8_B,6kzf_A,6yhy_A
1aap_A,0.0000,1.4300,0.9100,1.0400,0.8500,0.9500,0.9100,0.9100,0.9900,0.2400,0.7200,0.8400,0.6700,1.1400,0.9600,1.5300,0.9700,0.5000,0.9800,1.0700,0.3400,0.3300,0.9800,0.8400,0.9300
1bun_B,1.4300,0.0000,1.7400,1.5800,1.4400,1.4300,1.7200,1.4800,2.0700,0.2100,2.2100,1.7500,0.9100,2.4300,2.0200,1.3200,1.6100,1.5600,1.6500,1.7500,1.3800,1.0300,1.6100,0.3300,1.7800
1dtx_A,0.9100,1.7400,0.0000,1.2900,0.8700,0.7600,0.5900,0.7600,1.6600,0.2300,1.3100,0.9000,1.3400,1.5500,1.6100,1.6900,0.8600,0.6900,1.0100,0.6700,0.7200,0.9900,0.7100,0.6100,1.2700
1f5r_I,1.0400,1.5800,1.2900,0.0000,0.5600,1.2300,1.1100,0.9900,1.2500,0.0900,0.9900,0.9000,0.2300,1.4900,1.3500,1.7200,1.0500,0.7300,0.7000,1.2800,0.6600,0.7700,0.8400,0.8600,1.0700
1fak_I,0.8500,1.4400,0.8700,0.5600,0.0000,1.0400,0.7600,0.9200,1.2100,0.2100,1.1200,0.7100,0.4600,0.9500,1.2000,1.6000,0.9400,0.6600,0.5600,0.8300,0.5900,0.6700,0.8000,0.9400,0.9200
1knt_A,0.9500,1.4300,0.7600,1.2300,1.0400,0.0000,0.9600,0.9100,0.8600,0.3100,1.1100,0.8400,1.1100,1.0500,0.8200,1.3600,1.2000,0.8900,1.0300,0.7300,0.9900,0.9500,0.9900,1.4600,0.8300
1tfx_C,0.9100,1.7200,0.5900,1.1100,0.7600,0.9600,0.0000,0.7200,1.4100,0.2300,1.1800,0.7800,1.1600,1.0200,1.4200,1.5300,0.7600,0.6800,1.2600,0.7000,0.6700,0.8200,0.5700,0.7400,1.2400
1y62_A,0.9100,1.4800,0.7600,0.9900,0.9200,0.9100,0.7200,0.0000,1.2000,0.1500,1.0500,0.7500,0.9000,0.9700,1.3100,1.5000,1.1200,0.7300,0.9200,0.9900,0.7200,0.6900,0.8600,0.8200,0.5700
1yc0_I,0.9900,2.0700,1.6600,1.2500,1.2100,0.8600,1.4100,1.2000,0.0000,0.2200,1.2200,1.4600,1.4100,1.7300,0.3600,2.0800,0.9300,0.4400,1.4300,1.4800,0.6200,0.8800,1.0100,0.9200,1.8400
1yld_B,0.2400,0.2100,0.2300,0.0900,0.2100,0.3100,0.2300,0.1500,0.2200,0.0000,0.2100,0.1500,0.2700,0.1800,0.2800,0.1100,0.2600,0.3100,0.1500,0.1800,0.2800,0.2000,0.2700,0.4000,0.1400
1zr0_B,0.7200,2.2100,1.3100,0.9900,1.1200,1.1100,1.1800,1.0500,1.2200,0.2100,0.0000,1.0800,1.2200,2.0400,1.4300,1.8600,0.8400,0.7600,1.5600,1.4700,0.4800,0.6400,0.8500,0.7900,1.2700
3byb_A,0.8400,1.7500,0.9000,0.9000,0.7100,0.8400,0.7800,0.7500,1.4600,0.1500,1.0800,0.0000,0.9000,1.1900,1.2000,1.3900,1.0600,0.6400,0.7700,0.7500,0.5800,0.5900,0.7800,0.7500,0.7900
3fp7_J,0.6700,0.9100,1.3400,0.2300,0.4600,1.1100,1.1600,0.9000,1.4100,0.2700,1.2200,0.9000,0.0000,1.4500,1.2800,1.3400,0.9800,0.6200,0.8000,1.2500,0.6500,0.7700,0.7800,1.7500,1.2100
3m7q_B,1.1400,2.4300,1.5500,1.4900,0.9500,1.0500,1.0200,0.9700,1.7300,0.1800,2.0400,1.1900,1.4500,0.0000,1.6700,1.8000,0.7400,0.8400,1.1000,1.1000,0.9400,1.2500,0.6700,0.4400,1.4900
4iso_B,0.9600,2.0200,1.6100,1.3500,1.2000,0.8200,1.4200,1.3100,0.3600,0.2800,1.4300,1.2000,1.2800,1.6700,0.0000,1.7700,1.0100,0.4500,1.4500,1.4900,0.6400,0.8000,1.2300,1.0200,1.6400
4ntw_B,1.5300,1.3200,1.6900,1.7200,1.6000,1.3600,1.5300,1.5000,2.0800,0.1100,1.8600,1.3900,1.3400,1.8000,1.7700,0.0000,1.5900,1.4500,1.6500,1.4800,1.5100,1.0400,1.5500,0.4800,1.4700
4u30_X,0.9700,1.6100,0.8600,1.0500,0.9400,1.2000,0.7600,1.1200,0.9300,0.2600,0.8400,1.0600,0.9800,0.7400,1.0100,1.5900,0.0000,1.0500,1.0800,0.9700,1.1800,0.8400,0.7300,0.8900,1.1700
4u32_X,0.5000,1.5600,0.6900,0.7300,0.6600,0.8900,0.6800,0.7300,0.4400,0.3100,0.7600,0.6400,0.6200,0.8400,0.4500,1.4500,1.0500,0.0000,0.6700,0.7900,0.4900,0.4500,0.5800,0.7000,0.7300
5jb6_A,0.9800,1.6500,1.0100,0.7000,0.5600,1.0300,1.2600,0.9200,1.4300,0.1500,1.5600,0.7700,0.8000,1.1000,1.4500,1.6500,1.0800,0.6700,0.0000,1.0500,0.6700,0.9300,0.8200,0.9200,1.1500
5m4v_A,1.0700,1.7500,0.6700,1.2800,0.8300,0.7300,0.7000,0.9900,1.4800,0.1800,1.4700,0.7500,1.2500,1.1000,1.4900,1.4800,0.9700,0.7900,1.0500,0.0000,0.8600,0.9400,0.7400,0.9100,1.0700
5nx1_C,0.3400,1.3800,0.7200,0.6600,0.5900,0.9900,0.6700,0.7200,0.6200,0.2800,0.4800,0.5800,0.6500,0.9400,0.6400,1.5100,1.1800,0.4900,0.6700,0.8600,0.0000,0.3200,0.5600,0.7300,0.7700
5nx3_D,0.3300,1.0300,0.9900,0.7700,0.6700,0.9500,0.8200,0.6900,0.8800,0.2000,0.6400,0.5900,0.7700,1.2500,0.8000,1.0400,0.8400,0.4500,0.9300,0.9400,0.3200,0.0000,0.5800,1.5600,0.7400
6bx8_B,0.9800,1.6100,0.7100,0.8400,0.8000,0.9900,0.5700,0.8600,1.0100,0.2700,0.8500,0.7800,0.7800,0.6700,1.2300,1.5500,0.7300,0.5800,0.8200,0.7400,0.5600,0.5800,0.0000,0.7400,0.9700
6kzf_A,0.8400,0.3300,0.6100,0.8600,0.9400,1.4600,0.7400,0.8200,0.9200,0.4000,0.7900,0.7500,1.7500,0.4400,1.0200,0.4800,0.8900,0.7000,0.9200,0.9100,0.7300,1.5600,0.7400,0.0000,0.6200
6yhy_A,0.9300,1.7800,1.2700,1.0700,0.9200,0.8300,1.2400,0.5700,1.8400,0.1400,1.2700,0.7900,1.2100,1.4900,1.6400,1.4700,1.1700,0.7300,1.1500,1.0700,0.7700,0.7400,0.9700,0.6200,0.0000
